feature_0: 32 5 11 19 7 1 12 77 38 16 68 127 45 13 15 40 67 14 34 24 6 1 2 129 14 1 4 90 47 8 17 41 15 2 10 65 56 2 5 5 129 15 29 21 50 33 24 90 99 59 46 17 24 5 8 25 15 7 19 32 30 41 32 17 6 0 1 16 129 35 1 1 129 63 6 27 41 11 1 41 82 28 6 22 41 26 10 52 5 3 37 58 30 20 28 14 13 1 7 22 29 23 3 3 129 35 0 14 49 10 0 118 94 26 3 45 67 11 0 38 9 3 1 42 90 21 15 10 
feature_1: 86 31 3 14 117 37 1 19 117 24 2 32 40 12 0 9 56 20 2 11 13 3 2 48 6 2 0 25 60 23 2 7 78 12 1 21 117 25 1 39 117 16 0 8 52 15 1 34 99 19 2 32 57 7 2 28 8 5 14 33 94 20 3 6 117 20 5 82 117 23 2 37 117 15 1 59 45 2 0 54 70 3 1 31 36 4 1 110 16 3 12 36 105 15 5 13 43 3 6 117 59 3 5 80 20 4 24 82 31 3 2 40 32 3 8 28 21 2 11 80 35 8 8 21 26 9 14 33 
feature_2: 54 6 13 42 56 10 22 61 62 10 2 13 30 6 9 58 32 4 3 65 31 1 1 37 7 1 0 31 62 10 1 7 119 39 13 65 71 11 14 39 108 10 0 14 52 11 0 79 119 33 3 28 80 19 0 19 16 5 0 10 119 38 0 2 104 33 7 29 119 45 15 65 119 76 3 8 37 7 0 14 95 19 0 3 119 45 0 5 17 6 0 23 69 16 1 2 96 68 7 14 62 37 3 15 80 46 4 12 12 4 0 22 33 11 0 7 119 49 0 2 35 34 2 4 42 20 1 3 
feature_3: 47 17 1 14 129 90 20 7 55 62 21 6 44 21 2 36 104 29 9 26 19 4 2 23 14 6 1 13 129 43 0 1 33 8 0 52 92 21 8 20 120 14 0 8 82 15 0 73 129 50 0 26 129 30 1 16 25 10 1 19 129 47 0 1 4 1 0 23 98 9 0 1 129 43 1 11 40 6 0 34 71 9 0 15 129 34 3 43 9 2 12 68 58 5 4 8 6 1 0 2 4 0 0 3 88 12 24 40 18 1 3 37 33 4 6 9 57 37 41 47 26 42 16 24 12 4 14 11 
feature_4: 32 15 29 41 56 34 40 40 40 6 2 25 39 11 27 71 11 1 3 72 49 6 4 7 0 0 0 1 1 0 0 0 73 8 2 84 133 23 7 72 133 16 0 20 84 8 0 64 81 4 0 24 82 12 1 42 3 0 0 0 1 0 0 3 133 41 1 41 133 65 2 30 133 32 1 48 63 5 0 36 91 9 2 14 52 7 1 106 6 0 0 0 1 1 0 8 121 33 8 61 81 26 12 21 95 43 2 29 25 17 7 23 62 41 11 13 79 22 2 32 41 12 1 0 3 2 2 10 
feature_5: 65 16 5 40 126 31 28 23 49 6 0 33 50 4 3 60 77 6 4 16 4 0 0 49 6 0 0 66 97 12 3 11 92 30 2 19 126 62 0 45 126 33 0 18 90 29 1 12 126 43 4 3 36 4 0 22 10 3 3 49 70 66 15 4 60 8 2 95 126 6 0 48 126 7 0 32 40 3 0 51 69 6 1 21 84 2 0 65 9 0 0 118 74 5 3 9 34 44 7 20 73 9 0 1 76 8 0 12 16 0 0 4 48 1 0 21 16 0 0 33 5 0 0 59 35 0 0 8 
feature_6: 30 0 0 28 28 0 0 36 59 1 0 2 23 2 0 27 64 7 0 1 117 20 0 2 8 0 0 1 14 40 8 6 82 4 2 62 100 8 0 87 117 16 0 7 43 3 0 55 103 7 1 35 102 11 0 17 10 0 0 30 47 5 2 13 84 63 16 24 117 37 9 49 117 69 1 1 38 7 0 24 113 25 0 4 117 72 0 5 50 12 0 27 59 25 2 3 105 19 5 53 75 6 5 69 97 8 0 13 7 1 0 84 28 4 0 49 117 23 1 32 74 18 22 22 16 8 1 4 
feature_7: 75 16 4 66 86 22 2 47 45 32 20 15 9 3 12 72 12 3 6 83 29 22 15 23 16 13 13 32 16 6 9 33 87 26 1 74 115 34 2 50 115 31 1 16 53 15 5 85 96 23 5 70 64 6 1 38 10 1 0 73 53 1 2 12 43 13 14 115 83 24 11 94 87 9 5 102 43 8 1 58 76 12 0 9 31 3 4 115 14 1 0 95 84 7 0 23 23 17 16 92 51 24 21 62 16 3 3 48 45 20 4 20 78 35 1 4 6 2 3 63 13 5 0 34 71 28 1 10 
feature_8: 96 40 2 41 61 20 5 46 68 25 1 8 10 2 2 48 16 5 3 87 56 31 4 16 13 12 17 28 9 2 12 40 105 8 3 116 99 10 0 116 102 13 0 16 24 3 7 116 30 7 11 116 66 19 2 33 12 8 4 58 25 5 15 36 57 1 6 107 116 26 2 85 116 35 8 25 40 5 1 58 76 12 3 33 86 24 2 41 25 2 1 51 69 22 1 4 23 12 14 94 39 27 21 51 19 6 30 32 13 9 18 49 46 12 5 30 22 6 4 46 11 2 1 50 79 15 4 6 
feature_9: 66 12 12 72 54 6 12 109 40 1 1 56 16 6 18 109 13 0 36 109 21 0 4 45 27 0 5 30 9 0 9 109 83 29 13 55 109 17 6 74 109 11 0 10 50 20 2 50 103 22 15 15 102 22 1 32 11 2 5 45 89 18 7 21 32 49 40 48 74 29 26 44 109 29 41 44 24 7 10 30 62 10 4 5 109 29 33 37 6 1 11 92 74 10 2 6 49 36 23 45 44 43 34 61 15 8 24 63 56 41 20 21 39 40 10 21 27 13 39 47 14 4 12 39 17 4 8 34 
feature_10: 51 18 34 49 31 6 30 100 13 15 11 75 47 29 36 36 26 10 19 40 28 41 17 40 27 40 26 10 5 6 5 30 99 14 16 48 117 16 18 113 69 7 1 17 38 12 54 81 44 21 61 63 24 3 5 16 28 14 10 7 10 39 28 36 76 13 31 99 117 21 15 63 117 43 3 33 36 3 3 45 78 8 2 27 51 9 4 50 6 2 6 84 65 34 14 7 30 1 31 117 20 0 20 117 18 1 19 117 25 0 7 59 30 2 11 21 18 4 28 90 6 1 7 57 48 9 3 14 
feature_11: 23 2 0 0 0 0 0 48 73 7 11 120 72 8 10 82 68 6 24 32 17 1 2 120 9 0 3 120 58 14 18 25 34 26 8 0 0 0 0 15 120 41 24 44 55 27 59 50 81 14 56 67 27 4 4 52 4 1 5 30 65 21 38 19 23 2 0 1 11 11 13 14 120 120 59 53 41 6 3 21 120 22 7 17 67 77 37 20 19 17 18 25 93 27 7 8 0 0 1 20 30 6 1 0 74 36 16 86 79 20 12 34 11 6 7 41 80 72 20 5 107 28 8 7 12 14 5 33 
feature_12: 64 38 11 28 99 50 16 33 10 4 4 38 117 30 7 9 71 13 2 1 4 2 2 43 1 0 0 0 0 0 0 1 99 40 16 28 120 79 25 22 120 20 2 10 45 54 31 28 27 19 19 32 63 12 2 5 0 0 1 1 1 0 0 0 72 15 26 120 109 12 35 48 120 29 61 66 23 2 5 51 3 2 3 32 88 67 29 2 0 0 0 1 2 3 1 0 60 10 16 97 38 5 27 120 62 8 18 65 18 0 6 120 5 0 0 120 93 10 8 11 0 0 0 5 2 0 0 0 
feature_13: 5 15 3 23 22 7 2 3 26 14 23 16 80 62 51 21 117 69 5 7 21 18 32 31 49 22 10 20 86 39 8 13 40 29 5 0 0 0 0 2 117 18 1 3 117 84 7 48 117 83 1 3 58 27 5 17 29 16 3 7 117 117 26 7 12 1 0 0 0 0 0 5 117 111 43 17 45 14 6 23 58 29 15 36 100 92 47 33 64 40 10 34 67 34 3 30 0 0 0 0 0 0 0 0 16 33 19 17 10 4 89 55 21 5 14 117 58 11 12 49 31 4 4 50 39 5 1 58 
feature_14: 53 10 18 96 50 30 12 126 22 25 15 31 26 11 40 90 2 6 89 19 2 11 29 11 0 0 2 0 0 0 0 0 79 49 14 76 126 83 13 57 126 72 10 19 34 31 12 70 6 4 11 83 62 62 12 3 0 0 0 2 1 0 0 0 104 66 16 38 126 35 2 39 126 59 0 50 41 6 0 23 9 2 0 86 68 21 2 1 0 0 0 2 1 0 0 0 55 24 71 49 93 25 44 49 126 52 22 34 26 7 2 15 6 3 1 2 22 23 4 16 0 0 0 0 0 0 0 0 
feature_15: 11 0 0 15 50 4 0 7 88 7 0 5 24 2 0 23 74 10 1 21 70 8 0 15 9 2 0 3 123 17 0 3 112 11 0 44 123 19 1 30 123 20 1 14 53 6 0 51 93 20 1 25 69 29 15 24 16 20 16 8 102 33 3 9 123 39 1 22 123 62 5 26 123 65 20 21 25 4 1 14 15 8 2 17 59 48 53 15 78 32 8 4 14 10 4 27 118 89 6 5 63 66 9 1 55 43 8 2 34 25 6 9 10 11 8 41 102 29 3 5 87 15 0 20 14 2 0 62 
feature_16: 94 18 2 91 105 18 3 47 9 5 15 26 108 48 2 4 83 72 5 5 11 14 9 7 14 13 2 0 84 55 1 1 50 26 20 36 109 64 17 34 80 11 18 23 34 22 13 46 106 44 3 37 72 7 1 13 19 4 1 21 109 36 0 4 111 35 8 45 111 73 21 12 111 16 1 17 47 7 1 43 97 9 0 29 88 8 0 28 16 1 1 29 103 7 0 5 111 13 0 32 111 15 0 7 105 6 0 10 25 2 0 20 29 1 0 9 31 3 0 13 2 0 0 8 9 0 0 1 
feature_17: 62 27 40 41 36 23 42 70 35 25 21 38 27 10 15 19 9 14 12 40 41 39 31 8 38 18 17 15 8 4 10 45 88 25 31 34 131 44 28 33 98 9 2 8 26 38 49 43 17 26 73 80 38 5 6 17 32 3 4 30 16 6 40 83 126 40 3 49 131 38 3 27 131 32 1 31 49 11 3 33 51 12 5 34 29 19 5 55 8 1 1 71 57 12 9 16 38 4 9 131 65 4 6 105 32 5 20 110 40 6 7 41 49 15 5 21 9 3 3 98 6 1 1 85 50 10 0 11 
feature_18: 46 9 8 95 76 39 12 45 66 9 1 40 25 4 6 107 55 15 0 94 43 3 2 60 19 2 4 80 61 12 0 17 59 16 3 58 109 48 4 42 109 32 2 12 58 17 0 46 109 51 2 10 109 38 1 7 36 23 1 9 109 51 3 1 69 19 46 87 109 23 18 44 66 50 28 16 35 26 12 16 47 19 12 12 109 66 31 32 41 42 25 42 49 11 3 3 50 14 20 48 71 18 27 47 9 24 27 17 85 36 11 3 51 34 15 8 15 15 30 37 18 11 10 29 47 18 11 9 
feature_19: 46 14 51 36 51 30 8 40 88 39 4 2 12 8 14 19 33 9 1 30 116 30 1 8 65 24 1 19 57 13 4 26 57 29 21 27 116 76 30 15 63 8 1 15 36 12 50 68 37 2 3 94 57 2 3 43 28 3 1 39 87 21 3 56 85 32 4 29 116 22 1 40 116 31 0 55 49 8 0 21 74 10 3 48 46 18 2 88 8 1 18 68 40 13 20 12 58 5 1 116 78 5 0 92 64 2 1 90 45 7 0 88 41 9 2 29 16 7 1 110 3 2 14 63 19 4 23 13 
feature_20: 31 14 4 86 71 26 12 49 46 20 1 35 62 9 0 64 116 27 0 13 22 4 2 41 14 3 0 49 59 33 5 12 28 14 18 46 110 54 22 51 116 35 2 5 67 34 2 37 116 44 0 1 89 37 8 5 21 29 10 5 58 73 19 3 116 38 4 29 116 34 6 34 116 49 21 26 30 9 0 42 44 23 19 5 61 37 40 15 15 35 13 13 17 7 16 26 115 40 1 45 115 34 2 24 116 46 4 9 14 23 10 34 28 26 19 5 59 53 8 2 22 55 13 6 28 10 14 22 
feature_21: 3 8 2 0 7 24 5 0 0 11 4 0 10 4 0 0 15 8 0 0 5 3 0 0 3 1 0 0 30 7 0 0 50 48 14 32 115 115 26 25 95 52 9 5 57 22 3 18 110 48 1 2 115 38 1 7 33 9 0 12 115 51 0 5 41 33 26 81 108 27 16 38 115 20 1 30 38 5 2 69 74 6 1 43 115 10 4 69 24 12 7 101 91 19 1 11 52 3 4 110 87 14 9 59 54 0 0 40 48 3 2 100 93 4 0 46 21 0 1 59 6 1 0 48 95 28 2 7 
feature_22: 94 27 2 92 79 3 0 49 82 2 1 16 7 0 0 92 13 0 0 116 102 3 3 27 52 13 8 43 19 0 0 40 108 20 3 91 116 19 7 100 105 9 1 24 43 11 0 86 62 12 11 95 112 6 6 31 21 15 13 32 34 31 15 12 116 50 1 13 116 73 1 12 116 58 2 11 41 16 2 7 64 29 7 6 106 94 17 26 22 43 11 23 42 37 11 8 29 6 0 0 18 9 0 0 20 9 0 0 1 2 1 0 1 5 2 0 7 23 2 0 7 7 0 0 0 6 2 0 
feature_23: 45 13 34 53 87 23 20 21 23 1 4 57 50 9 8 26 60 15 2 11 9 1 4 68 9 2 1 65 65 10 0 8 112 32 3 13 114 79 3 7 69 12 7 40 53 63 21 12 69 72 23 27 51 9 3 35 22 7 2 35 72 97 8 5 105 15 2 114 114 29 2 40 91 7 1 77 53 10 5 71 88 9 3 33 57 5 7 106 20 3 3 103 105 13 1 11 29 0 0 92 81 1 0 39 12 0 0 20 43 2 0 19 78 5 0 2 2 0 0 17 3 0 0 6 77 6 0 1 
feature_24: 47 9 1 4 86 9 0 0 109 16 0 2 16 1 0 14 48 4 0 22 95 6 0 16 21 2 0 18 55 3 0 10 109 22 2 97 109 15 2 51 109 23 4 14 42 5 3 109 81 17 2 44 84 32 3 26 18 11 1 11 101 26 3 12 74 86 16 29 109 58 13 36 96 91 28 13 30 9 1 20 21 14 2 2 95 109 8 3 109 43 4 1 31 13 0 3 108 31 4 25 48 15 3 58 79 9 1 10 13 7 2 48 8 2 4 64 72 9 2 8 44 11 9 11 19 8 13 27 
feature_25: 20 3 1 124 124 34 8 16 31 1 0 59 22 8 6 80 23 4 11 29 12 1 1 77 7 2 8 41 12 3 25 28 60 16 0 66 124 86 0 9 20 6 0 43 54 72 20 24 62 37 21 28 42 13 2 62 9 6 10 27 39 42 29 16 16 3 27 124 124 17 20 60 27 19 53 93 29 10 9 14 58 13 7 37 42 8 12 124 13 6 8 124 64 18 8 19 3 2 12 64 39 13 89 77 49 21 77 37 6 5 17 72 19 26 17 39 71 38 8 31 33 9 2 29 33 36 19 20 
feature_26: 71 28 12 42 76 65 28 31 10 7 43 48 63 12 15 28 47 9 19 52 11 1 10 61 2 0 13 19 2 2 9 7 72 17 7 94 104 34 21 109 89 19 26 16 28 10 12 109 46 10 7 109 102 20 6 23 56 15 0 5 2 1 9 31 60 48 27 54 107 39 19 37 109 88 24 16 21 5 1 46 34 14 2 35 109 62 0 9 109 41 0 1 6 2 0 33 24 9 15 87 29 5 17 64 54 12 4 16 6 1 3 99 18 2 0 90 73 11 1 20 52 26 10 3 2 0 1 59 
feature_27: 0 0 0 0 0 0 0 0 23 8 0 6 5 0 0 0 52 6 0 9 12 2 0 18 6 4 3 59 80 14 0 2 64 21 3 26 121 29 0 2 121 39 2 19 72 10 0 12 121 31 0 23 74 24 7 28 14 7 17 16 121 49 8 4 121 24 4 119 111 5 2 34 121 15 10 32 35 17 7 35 29 54 19 5 43 33 42 30 17 17 23 14 29 35 31 7 70 22 3 69 121 70 3 41 76 75 4 7 12 37 18 19 17 39 13 2 121 71 5 0 120 45 1 1 41 15 3 3 
feature_28: 98 32 14 9 124 90 9 5 62 124 20 1 39 19 9 8 38 17 2 39 81 46 2 13 77 24 1 31 34 9 1 19 44 47 82 39 73 66 41 15 124 43 7 7 19 15 38 71 51 4 5 124 74 5 3 59 20 1 0 49 78 11 3 38 124 37 7 45 124 42 18 25 124 16 0 12 60 10 1 73 109 19 2 25 47 3 0 30 9 1 0 8 87 23 4 5 41 5 2 32 40 10 7 57 18 0 0 2 10 2 0 28 3 1 0 0 7 1 0 1 0 0 0 0 0 0 0 0 
feature_29: 71 16 5 24 108 48 13 39 8 3 1 62 108 12 14 11 105 8 9 39 30 2 1 90 25 0 1 44 46 2 5 56 75 36 15 44 108 108 41 40 50 15 4 25 54 19 64 84 51 9 43 108 63 16 8 40 27 9 5 26 27 5 18 108 94 44 7 95 108 39 4 18 84 45 35 14 17 8 3 27 43 34 7 22 78 94 34 16 36 70 35 19 34 10 5 20 63 62 29 19 61 46 13 8 25 23 23 11 20 18 6 4 61 37 8 6 13 15 25 7 28 17 11 9 29 7 5 15 
feature_30: 72 26 13 17 40 26 21 26 17 25 10 3 14 30 33 9 22 57 26 15 54 31 10 8 15 13 5 5 56 42 17 9 59 61 37 48 107 89 39 26 24 16 6 10 29 36 70 31 69 33 11 76 88 19 3 28 29 9 1 14 94 44 8 34 49 11 21 110 78 18 29 105 48 29 110 72 25 7 5 17 41 16 10 18 86 67 52 45 43 83 28 33 52 20 7 12 109 5 5 74 44 3 6 110 74 10 27 37 21 4 2 38 22 5 4 36 90 32 22 26 110 42 6 4 7 4 3 21 
feature_31: 113 50 5 4 113 54 4 0 33 13 2 27 53 22 35 12 29 8 16 25 29 7 3 15 8 1 1 39 48 6 3 14 62 71 13 15 111 113 37 7 113 22 1 2 44 15 15 42 97 23 2 26 75 25 5 12 23 28 12 11 57 45 14 2 113 43 2 19 113 37 4 30 113 93 17 5 30 13 0 15 17 33 9 3 68 98 20 2 82 66 5 0 11 22 5 0 109 69 3 2 42 39 10 3 11 32 15 5 41 86 12 3 29 100 25 1 25 17 2 11 55 18 0 0 87 32 1 1 
feature_32: 112 44 0 9 109 43 2 4 23 34 6 4 31 112 16 1 53 77 18 5 17 17 19 5 21 16 3 1 88 46 1 0 77 55 8 7 112 112 25 9 85 33 3 7 51 78 13 11 64 42 11 24 78 9 1 30 10 4 1 40 112 38 0 4 86 38 7 58 112 47 11 40 80 20 16 41 39 6 0 25 65 40 6 22 43 41 10 28 30 12 3 22 80 59 7 5 42 7 9 87 49 9 19 51 30 28 31 10 33 12 3 25 10 12 3 1 112 71 13 2 112 19 0 1 19 14 2 6 
feature_33: 45 1 0 22 20 0 0 20 48 0 0 18 7 0 0 58 4 0 0 72 48 0 0 8 39 0 0 10 6 0 0 58 90 6 3 81 92 8 2 123 123 13 0 11 17 1 0 123 34 2 2 102 123 13 0 18 69 5 0 20 17 0 0 70 82 78 30 24 111 29 6 46 123 66 1 3 21 3 0 17 43 10 0 6 123 86 0 1 116 40 0 11 30 10 0 3 65 17 9 40 33 5 4 77 54 14 1 3 11 3 25 43 10 12 24 18 107 33 4 2 75 33 3 1 9 19 9 5 
feature_34: 69 59 17 5 117 49 3 2 11 5 6 18 61 21 16 7 56 11 4 10 9 2 6 47 5 1 3 72 54 10 3 8 103 27 1 18 117 56 0 23 43 5 0 13 117 43 3 1 117 41 7 4 62 7 2 22 8 4 2 45 63 67 17 5 60 2 0 117 115 2 3 77 41 1 2 111 84 5 1 23 95 6 2 18 38 1 4 117 12 1 4 117 56 5 2 15 40 0 0 80 44 0 2 67 6 0 1 95 54 0 0 14 50 0 0 9 6 0 0 80 10 0 0 34 18 0 0 7 
feature_35: 98 81 49 15 66 61 6 4 48 53 12 2 10 22 62 18 38 15 55 41 33 17 6 15 8 3 3 31 79 14 9 11 108 38 39 47 109 56 29 59 115 25 4 13 63 14 21 56 115 26 5 42 74 13 14 24 12 9 23 59 54 10 7 4 115 22 6 66 115 28 8 81 115 49 22 49 46 11 12 31 41 29 18 7 27 25 46 29 10 12 17 11 18 39 19 5 84 28 27 71 76 20 22 43 27 40 59 16 27 24 24 12 17 20 19 26 94 54 11 5 27 19 10 15 37 24 11 3 
feature_36: 69 36 20 15 89 55 24 25 25 53 43 7 34 24 13 18 28 13 24 35 36 29 21 17 31 7 6 31 61 17 13 27 22 89 58 21 47 39 40 21 107 22 14 8 33 25 44 89 107 13 15 60 84 12 6 42 15 1 3 72 112 18 4 8 65 11 12 36 112 48 42 71 112 28 10 23 43 7 1 45 82 26 2 21 64 38 43 38 16 8 8 48 100 22 4 8 79 27 24 81 69 13 22 41 39 28 28 13 19 70 26 10 49 85 18 1 5 25 39 12 14 9 2 6 104 69 6 1 
feature_37: 40 8 1 106 88 15 2 90 46 9 1 29 30 9 1 106 39 15 18 47 16 23 9 41 10 3 14 20 35 22 5 28 89 43 7 44 106 38 2 7 106 25 1 10 25 20 2 38 39 29 7 80 104 36 8 24 30 5 3 45 40 31 8 41 50 19 3 94 106 13 6 96 106 16 0 36 32 3 0 78 46 1 0 76 52 0 1 62 14 1 7 84 59 22 1 14 33 8 1 106 92 28 8 75 22 1 14 82 46 3 4 48 47 3 6 29 16 1 14 101 5 2 11 42 46 21 4 11 
feature_38: 26 8 7 61 82 16 29 43 85 7 3 31 26 6 8 60 49 8 1 29 50 4 0 51 13 2 2 117 56 12 1 9 65 46 4 37 117 24 3 37 117 13 0 24 63 15 0 37 109 29 0 11 61 16 0 24 17 9 1 46 70 48 7 5 61 21 6 35 117 51 11 74 117 92 16 11 44 12 1 11 54 26 2 11 103 80 7 15 46 16 2 3 41 40 5 17 53 52 22 48 48 37 17 25 65 59 11 13 13 5 6 105 16 6 1 96 79 25 3 28 44 5 1 43 24 2 0 45 
feature_39: 85 31 2 74 115 40 3 27 44 6 2 37 36 15 5 33 50 15 5 20 25 10 3 56 7 2 0 51 78 20 0 11 84 20 2 46 115 47 3 26 114 24 3 11 45 17 2 36 81 24 2 40 97 33 8 11 23 23 13 8 92 33 0 15 115 14 0 100 115 24 2 41 105 19 15 30 52 13 1 62 64 22 15 14 70 25 30 33 8 21 33 19 59 40 7 2 55 3 3 115 86 6 8 81 21 5 27 50 77 15 5 39 63 22 12 5 15 10 35 34 19 19 19 11 67 32 10 7 
feature_40: 57 7 4 116 95 8 0 72 48 2 1 81 46 6 0 69 46 7 0 21 19 2 0 94 6 3 15 42 15 5 12 10 96 26 2 49 116 55 5 39 40 6 0 36 72 43 8 14 77 65 5 13 51 9 2 41 12 7 10 28 24 67 32 10 71 7 1 116 116 23 8 71 44 15 10 106 49 12 4 57 64 21 6 20 38 6 10 116 9 2 2 100 68 23 12 15 58 39 10 27 88 81 38 21 55 43 31 19 14 17 13 29 17 17 19 31 52 40 17 22 52 12 2 7 24 26 18 12 
feature_41: 30 20 39 68 9 4 83 82 12 12 27 70 44 50 14 24 20 34 19 60 30 19 25 24 18 19 28 14 6 3 11 48 64 31 23 99 67 17 35 46 63 13 38 54 13 1 64 107 20 10 41 85 28 12 18 57 73 46 21 14 7 3 7 81 17 3 94 92 49 15 60 44 107 24 7 63 26 1 16 73 48 2 45 107 23 0 8 97 26 4 15 43 8 1 23 92 50 4 26 49 18 3 51 70 8 0 82 76 14 1 18 35 88 4 7 12 9 1 26 95 9 1 17 58 40 4 3 16 
feature_42: 82 45 41 22 37 29 16 45 51 28 13 5 24 37 80 29 104 66 24 6 17 15 6 5 13 6 1 1 109 47 0 0 56 40 39 31 90 58 66 37 109 53 6 3 49 20 11 32 101 37 1 5 99 68 7 3 25 67 18 13 92 39 7 1 96 37 33 26 109 58 9 26 67 109 32 3 31 52 20 10 50 26 4 4 57 109 16 7 89 53 7 2 6 19 5 24 58 34 60 14 18 21 11 34 14 7 2 21 88 48 10 7 57 40 7 6 51 11 0 18 57 25 0 3 20 12 0 3 
feature_43: 7 8 2 0 27 12 0 0 4 2 0 0 21 5 0 0 37 6 0 0 2 1 1 0 3 0 0 0 25 5 0 1 69 35 5 9 120 74 4 17 107 24 0 8 103 37 0 7 120 51 2 8 66 27 4 10 23 6 1 14 92 86 27 14 73 14 0 115 120 11 4 64 51 4 7 85 69 15 0 21 84 18 1 35 50 9 1 120 9 1 4 120 69 32 8 17 53 2 0 120 90 2 1 52 11 0 0 39 73 26 2 42 99 30 4 42 10 2 0 62 8 2 2 47 94 30 2 5 
feature_44: 30 10 0 47 99 17 4 14 124 15 0 5 100 20 0 34 127 42 0 12 89 24 1 12 20 8 1 16 112 25 0 1 17 4 0 22 120 14 0 3 127 48 1 13 44 6 0 22 87 6 0 11 127 30 4 41 11 4 16 65 50 5 3 6 16 3 1 2 5 0 0 9 127 22 48 65 22 1 0 20 39 4 7 9 64 47 60 57 27 50 33 24 20 7 11 10 0 0 0 0 0 0 0 1 20 12 13 46 127 30 0 3 127 75 2 6 27 34 25 20 38 27 5 0 112 53 3 7 
feature_45: 14 111 42 7 18 79 29 3 45 28 6 0 69 92 6 7 111 86 1 0 20 12 0 0 26 8 0 7 111 54 3 9 30 43 48 30 57 88 27 19 111 35 4 1 69 32 3 45 106 47 2 1 55 66 29 9 34 18 41 41 45 10 4 10 54 61 33 20 93 60 17 80 61 108 34 3 23 46 24 7 68 57 14 7 27 54 32 5 26 15 11 5 30 27 24 12 35 111 52 4 26 76 25 6 13 37 11 24 77 73 20 1 67 36 13 12 17 16 27 25 13 72 16 2 5 28 18 5 
feature_46: 70 45 22 16 39 27 26 35 36 16 26 23 87 19 11 15 35 31 8 4 43 17 30 49 60 18 9 15 41 21 6 5 47 41 15 33 91 50 37 48 88 19 4 12 88 110 22 9 62 110 29 8 63 23 4 25 17 16 9 12 58 95 22 3 62 9 3 100 110 28 13 57 110 15 8 110 62 13 2 28 68 14 1 19 54 15 8 110 16 7 33 32 22 16 9 11 83 15 0 44 110 46 0 17 83 14 1 38 58 40 5 3 70 68 4 4 18 16 5 17 9 16 10 4 56 45 13 2 
feature_47: 59 25 9 50 93 58 35 41 36 21 60 23 24 17 20 19 18 9 15 65 49 30 13 12 26 17 22 22 45 13 1 5 53 63 48 45 50 51 38 30 112 18 14 13 33 18 33 83 85 13 9 72 79 7 4 34 10 4 3 16 112 37 0 5 97 13 12 48 112 50 31 74 112 23 4 35 55 8 1 61 87 9 1 33 40 12 6 61 12 3 0 66 100 15 0 10 93 23 23 41 107 25 13 23 50 37 16 22 40 17 20 24 105 45 4 2 6 13 4 42 14 4 0 16 95 28 3 6 
feature_48: 93 35 4 33 117 51 4 13 113 40 9 9 25 18 12 59 68 34 30 15 35 14 7 15 8 3 1 16 109 22 2 2 118 28 3 54 118 22 6 65 118 25 1 17 64 10 3 70 118 25 3 26 61 22 10 42 12 6 17 54 68 14 6 5 118 50 6 35 118 24 5 16 118 43 11 33 49 10 5 50 43 21 26 9 20 14 24 72 24 25 6 14 20 38 25 6 70 29 17 37 63 27 30 31 14 12 42 32 36 21 10 37 12 11 17 19 41 27 49 18 59 27 4 16 18 7 3 31 
feature_49: 32 40 25 11 96 68 19 5 84 37 0 0 110 32 16 4 114 42 0 3 23 8 0 5 18 6 4 17 1 0 0 0 93 43 1 11 114 79 2 4 114 49 2 2 64 20 0 32 108 28 0 7 103 39 7 11 16 9 15 114 36 1 1 6 105 34 32 24 114 51 5 36 92 62 21 12 22 16 41 23 48 13 11 17 32 24 16 52 24 10 4 53 73 19 1 10 54 29 73 22 45 28 19 19 14 4 3 10 75 31 36 25 114 54 6 1 8 7 9 24 16 15 4 5 62 74 7 2 
feature_50: 117 58 6 27 68 28 6 46 37 8 2 26 117 24 12 42 35 19 16 51 48 15 3 9 50 8 5 7 8 9 7 29 63 10 34 75 87 14 15 117 63 7 4 17 34 38 68 63 54 62 50 17 55 20 7 23 12 10 6 44 49 32 11 9 31 4 4 70 117 25 18 51 107 9 1 43 77 14 1 37 117 23 1 19 45 8 2 46 11 3 1 35 117 32 0 5 23 2 0 48 117 12 2 14 58 11 13 5 104 14 0 17 117 26 1 2 19 36 10 5 9 12 15 6 86 30 3 0 
feature_51: 84 20 7 51 46 6 7 102 5 4 10 93 56 13 4 33 41 3 4 16 5 5 8 56 8 3 5 52 31 4 2 35 40 2 12 71 81 24 71 107 32 0 1 51 15 1 6 127 20 1 9 127 32 0 0 28 12 0 0 26 25 2 7 127 57 29 2 25 127 39 13 14 127 35 0 12 28 4 1 30 51 6 0 71 80 12 0 18 13 2 5 47 41 9 2 18 53 12 1 22 127 32 0 49 127 49 0 4 21 7 0 24 33 12 1 16 127 37 0 6 37 6 1 13 18 19 5 10 
feature_52: 91 29 3 14 117 35 3 5 16 17 5 3 117 39 0 1 117 61 0 2 20 7 0 2 9 3 0 3 54 33 3 0 53 18 2 13 117 40 6 27 88 16 0 11 75 24 1 17 107 30 0 4 78 18 0 22 22 13 23 20 25 24 3 1 55 7 2 117 117 11 2 88 57 5 3 117 42 1 0 40 45 1 0 22 36 5 5 117 23 11 35 79 25 0 0 16 52 9 3 109 32 4 5 111 10 1 3 109 72 14 7 18 31 26 13 17 17 4 6 68 36 7 2 13 20 16 4 20 
feature_53: 69 15 3 21 130 21 0 20 80 22 0 2 85 33 2 17 120 38 0 4 77 25 0 7 13 5 2 33 83 19 0 1 119 22 0 7 130 77 0 10 130 47 1 11 40 7 0 12 59 4 0 14 107 22 5 36 7 2 5 71 55 6 1 6 121 18 6 34 130 19 3 19 130 20 22 33 16 1 0 12 25 4 2 3 41 15 34 59 16 9 7 57 43 8 2 12 90 22 40 65 37 9 15 26 10 18 21 18 51 35 3 4 80 38 4 4 8 11 36 27 17 10 3 14 73 28 16 6 
feature_54: 110 63 42 15 40 25 9 35 33 16 4 4 23 57 22 12 21 38 44 33 38 10 2 6 14 2 2 12 51 8 26 30 65 23 21 55 51 17 15 61 99 2 4 8 37 13 18 77 99 17 9 48 28 1 1 8 14 2 0 10 121 20 5 8 76 10 3 50 121 14 5 72 121 18 0 5 49 13 1 31 103 28 1 15 121 42 0 4 48 14 0 6 98 17 0 1 89 21 0 12 121 57 2 34 121 77 0 3 23 8 0 4 33 7 0 5 121 45 1 8 54 11 0 18 32 5 1 1 
feature_55: 40 6 7 125 66 10 8 89 15 7 15 50 45 37 7 28 23 13 10 21 19 6 29 23 4 9 8 15 15 9 9 10 60 42 12 53 125 125 30 21 105 41 7 15 46 59 15 31 42 16 17 55 56 8 4 43 16 3 1 98 43 7 4 18 119 42 0 40 125 45 5 16 125 27 4 48 35 12 1 18 53 26 2 28 33 20 5 78 25 4 0 36 78 64 13 12 61 12 0 31 125 19 1 49 125 18 7 11 15 15 2 27 36 22 3 23 47 39 8 10 55 51 13 5 38 16 3 4 
feature_56: 1 0 0 0 0 0 0 0 17 9 0 1 16 4 0 0 70 19 0 0 40 16 1 5 16 7 2 21 65 10 0 0 37 13 2 9 121 34 0 3 121 52 2 14 45 6 0 7 97 7 0 12 115 16 2 35 18 5 2 61 76 12 1 4 121 23 2 48 121 23 1 17 121 14 2 30 49 9 0 61 84 37 3 37 61 39 6 31 24 41 1 8 50 64 5 4 88 19 3 69 111 64 7 23 78 121 14 4 23 16 2 26 11 22 3 6 88 121 14 0 121 63 0 0 14 11 1 1 
feature_57: 75 75 7 1 88 95 9 1 41 45 4 4 24 91 12 1 53 45 9 8 29 22 2 25 6 3 1 12 113 18 0 2 33 78 11 25 92 124 20 4 124 28 1 9 56 12 2 51 124 23 1 21 70 9 0 8 15 3 0 2 124 28 1 5 88 28 2 35 124 29 1 35 124 34 0 2 53 11 1 16 51 15 1 5 116 34 0 1 13 4 0 0 8 4 1 2 117 15 0 1 124 40 1 12 92 29 0 0 9 3 0 0 3 1 0 0 4 2 0 0 0 0 0 0 0 0 0 0 
feature_58: 79 86 7 1 85 86 10 0 35 51 5 6 36 102 12 0 63 40 8 8 43 17 2 26 6 2 0 17 114 18 0 2 14 68 28 27 78 122 24 8 122 32 1 11 54 13 1 46 122 25 2 20 78 10 0 8 17 3 0 1 122 36 1 5 67 35 9 26 122 38 23 42 122 31 0 2 50 14 1 17 51 17 1 3 115 35 0 1 12 4 0 0 8 5 0 1 122 39 1 2 122 41 2 11 96 31 0 0 10 4 0 1 3 1 0 0 3 2 0 0 0 0 0 0 0 0 0 0 
feature_59: 1 0 0 0 0 0 0 0 20 10 1 1 15 3 0 0 65 15 0 1 62 19 0 3 7 2 1 27 94 17 0 1 43 16 2 13 118 39 1 2 118 52 2 20 31 5 0 8 101 10 0 18 118 16 2 30 10 5 19 42 87 23 1 4 118 23 2 68 118 12 1 18 118 12 2 34 42 9 0 68 80 46 5 24 61 38 6 40 28 15 7 15 19 87 22 5 74 16 3 77 118 56 5 33 58 100 6 4 21 17 1 26 13 27 2 2 103 118 6 0 118 50 0 0 16 13 3 1 
feature_60: 108 13 3 56 92 11 2 70 78 7 1 9 23 4 12 94 62 13 18 66 36 7 6 14 5 1 3 30 73 18 5 2 84 12 6 79 117 14 4 72 118 10 3 15 70 5 4 50 94 7 1 10 55 14 10 40 7 2 0 84 86 16 7 6 63 17 14 17 118 40 13 71 118 27 31 37 23 2 3 13 22 14 17 8 43 44 15 22 77 36 2 19 22 18 23 10 60 34 50 22 55 14 15 44 89 33 27 17 26 4 2 7 12 8 4 9 118 59 6 0 118 36 1 5 14 3 1 1 
feature_61: 120 27 1 2 120 43 7 10 10 2 17 24 120 45 8 3 110 20 11 25 20 3 4 18 12 3 6 11 29 29 42 11 54 30 27 30 101 73 35 26 101 7 23 13 27 10 13 69 74 19 11 70 62 2 4 11 16 6 7 57 55 18 13 3 88 17 9 44 120 16 8 73 120 14 3 20 26 2 0 29 34 4 2 13 109 16 6 40 9 4 5 74 71 6 0 5 72 22 29 44 99 15 9 37 66 8 8 38 49 11 9 36 119 22 7 7 20 5 2 36 17 3 1 55 89 7 0 8 
feature_62: 30 122 15 6 37 113 18 2 33 68 11 3 48 40 1 2 66 28 1 10 32 26 2 16 6 1 1 22 86 23 5 3 41 64 10 36 110 127 21 8 127 37 2 8 50 12 3 69 116 21 0 28 85 10 0 11 10 5 8 80 69 17 1 2 88 20 1 45 127 25 3 46 127 33 0 3 42 9 1 22 50 18 1 6 127 33 0 2 5 2 0 0 22 11 0 0 105 14 0 3 127 44 1 12 89 24 0 0 9 3 0 3 3 1 0 0 8 3 0 0 0 0 0 0 0 0 0 0 
feature_63: 1 0 0 0 0 0 0 0 20 10 1 2 19 4 0 0 76 20 0 1 44 15 0 8 14 7 2 16 77 10 0 1 53 19 1 16 125 38 1 7 125 53 2 13 60 8 0 13 101 6 0 12 112 18 2 38 14 5 3 64 94 12 0 5 101 19 2 45 125 39 12 99 125 23 3 35 55 11 1 49 91 40 5 25 61 43 7 32 18 53 3 9 60 60 7 4 87 32 5 54 111 41 2 21 97 79 4 3 21 21 3 17 13 25 5 3 34 125 25 0 60 77 3 1 5 15 4 4 
Features found = 64
