feature_0: 51 0 0 107 50 0 0 108 37 0 0 77 34 0 0 85 23 0 1 108 49 0 0 37 18 0 0 57 37 1 0 34 73 3 1 108 86 5 1 108 104 7 0 23 46 6 3 108 105 13 3 56 56 11 1 42 16 2 0 48 108 21 0 10 88 33 3 57 108 29 8 42 108 18 1 55 44 4 0 54 65 14 3 12 45 12 2 81 19 8 2 64 57 14 1 12 46 8 3 88 55 7 16 48 18 8 25 56 45 9 4 24 27 25 7 4 9 45 15 10 20 22 23 8 17 16 6 6 
feature_1: 40 42 12 9 32 61 34 10 29 9 37 12 27 19 10 37 24 5 2 74 52 3 1 25 18 5 15 25 21 4 0 26 90 18 2 69 75 27 7 80 108 9 5 15 34 7 1 107 91 15 2 61 70 10 1 41 11 8 8 33 82 29 0 8 108 23 1 63 108 16 2 58 108 18 3 59 38 2 0 64 67 3 0 27 66 9 3 108 23 0 0 91 47 2 0 53 52 1 0 108 55 0 0 96 22 0 0 108 48 0 0 50 36 0 0 73 30 0 0 81 34 0 0 30 13 0 0 78 
feature_2: 58 34 14 23 84 71 19 30 11 22 15 45 65 25 8 3 90 25 2 16 16 6 0 62 20 6 2 45 31 16 6 38 58 74 23 58 84 52 21 35 89 44 11 21 31 36 22 45 45 34 27 65 28 6 2 44 17 9 8 44 23 10 62 51 22 28 19 102 67 18 52 79 107 57 4 25 38 7 4 82 89 17 7 52 59 10 0 61 9 1 4 107 57 7 34 19 22 1 47 107 26 3 45 96 40 23 31 46 23 6 7 107 78 18 2 25 35 6 14 71 12 3 0 57 92 24 0 12 
feature_3: 63 35 11 59 110 31 2 21 31 8 3 59 56 19 33 46 50 5 20 37 12 1 4 110 15 0 7 110 28 1 8 42 89 30 7 38 110 56 9 54 110 31 3 27 77 35 6 15 95 59 4 15 35 11 1 48 13 3 12 36 28 46 30 17 52 11 90 110 83 20 60 74 105 75 39 26 39 11 4 9 58 30 6 7 44 82 31 17 20 47 26 12 70 45 13 4 50 48 20 55 44 40 17 54 32 21 11 22 67 23 3 8 35 14 4 7 63 36 12 18 64 41 10 8 10 8 5 9 
feature_4: 58 15 4 50 26 4 21 93 28 1 1 39 38 1 3 63 7 0 2 84 43 0 1 21 40 0 1 10 4 0 0 76 94 28 3 46 91 20 32 61 99 7 0 10 19 2 7 120 22 1 5 120 67 3 1 25 26 3 11 32 18 1 3 88 120 40 1 25 120 35 0 67 120 53 0 12 19 4 0 35 27 6 0 23 116 43 3 22 18 5 24 17 12 5 17 35 46 8 49 85 41 8 13 98 69 37 16 22 15 2 10 47 22 7 2 15 114 42 0 7 100 32 0 3 32 6 7 30 
feature_5: 104 37 3 16 110 57 2 10 18 8 4 27 51 57 22 8 73 21 20 15 8 3 9 37 19 3 6 67 47 4 4 18 53 22 14 50 110 54 18 22 50 17 1 16 96 50 1 28 110 64 2 3 32 7 0 12 40 11 0 26 110 49 1 3 52 6 2 110 110 16 16 61 47 6 8 89 73 9 0 25 102 16 2 10 48 10 4 97 8 2 14 45 67 17 1 7 60 4 1 90 91 4 1 46 5 0 1 64 110 6 1 8 95 6 0 13 9 5 1 79 13 1 5 44 43 4 1 23 
feature_6: 41 45 19 17 39 40 28 16 35 58 10 8 12 19 9 10 5 26 21 12 16 47 20 4 13 7 9 9 5 16 19 27 93 87 68 21 83 106 45 17 61 18 5 5 34 29 61 57 79 27 55 65 61 17 10 15 9 4 9 15 111 42 22 14 97 30 21 18 111 109 26 16 104 75 12 3 54 12 6 23 65 23 2 3 111 49 2 7 15 59 12 3 106 37 1 1 69 43 76 29 79 56 17 11 26 111 25 0 35 31 1 0 13 39 3 0 21 97 16 1 5 74 25 2 13 14 2 0 
feature_7: 35 110 22 2 39 112 23 3 40 23 1 0 28 105 11 1 38 88 17 6 60 22 1 0 35 11 5 8 27 19 77 22 112 49 2 25 112 87 9 5 112 42 5 12 21 39 5 24 80 24 4 41 112 33 16 8 14 26 14 15 83 19 7 13 112 43 61 68 93 25 35 35 86 25 53 48 51 13 3 36 76 25 7 9 66 51 79 32 45 67 35 4 33 39 8 5 33 30 36 37 16 30 30 17 7 25 20 17 62 26 4 3 80 42 7 7 16 7 16 20 16 7 2 3 17 50 19 11 
feature_8: 45 18 41 60 40 13 70 106 20 3 11 74 52 16 27 40 44 13 46 52 16 3 3 55 16 6 5 28 16 6 37 36 74 15 15 45 113 25 24 65 100 18 4 7 29 8 21 63 33 8 31 74 68 9 2 11 31 6 6 33 36 8 37 30 113 45 1 42 113 47 0 32 113 59 0 7 19 5 0 53 32 16 1 35 113 49 1 7 49 24 7 32 34 23 7 21 109 12 8 113 72 4 7 45 90 3 1 46 20 0 0 113 27 3 17 66 32 5 3 57 23 2 9 45 14 4 2 50 
feature_9: 32 7 9 110 53 10 12 60 47 0 0 74 43 4 8 110 64 3 3 48 20 0 0 110 13 3 6 41 110 15 1 12 72 38 9 41 110 79 9 42 62 22 1 25 95 38 4 13 110 43 0 6 45 13 8 47 16 4 0 24 110 46 1 8 53 11 41 70 105 19 23 52 110 21 35 35 32 7 2 9 60 10 2 8 57 23 32 35 17 2 12 61 62 12 4 7 59 19 51 65 34 12 35 92 31 13 47 83 24 5 5 33 9 3 7 40 25 22 75 38 19 7 36 32 9 3 13 36 
feature_10: 85 21 20 47 30 20 19 72 17 14 4 45 80 22 14 16 83 25 20 7 12 19 14 55 1 0 1 0 1 1 1 1 59 11 41 68 115 24 87 92 53 2 5 23 36 24 87 91 21 21 95 108 38 1 7 30 0 1 6 3 0 0 0 0 115 40 2 16 115 51 3 10 115 70 15 22 28 6 3 14 25 5 4 72 77 49 21 49 2 0 0 1 1 1 0 5 115 33 8 81 53 18 0 73 65 48 6 11 7 3 4 87 7 2 6 114 65 68 29 14 0 0 0 6 4 1 1 0 
feature_11: 77 27 23 28 10 0 5 98 21 7 3 96 95 61 12 11 101 88 7 9 31 9 2 91 27 11 0 21 57 105 11 8 39 25 11 53 30 3 8 22 107 24 3 8 77 80 22 32 107 91 7 0 107 35 7 11 22 14 14 15 107 76 5 1 13 0 0 15 17 13 64 27 107 39 57 83 41 7 7 24 58 10 7 9 86 35 61 87 26 21 59 51 38 8 8 18 1 9 14 6 4 4 36 10 8 6 10 47 95 40 7 8 76 55 10 12 24 5 5 29 18 8 3 10 27 26 14 14 
feature_12: 60 5 1 40 79 9 1 61 118 19 0 6 12 1 0 33 29 3 0 30 118 21 0 19 39 6 0 27 43 5 1 14 104 17 1 88 118 15 2 48 118 17 2 16 36 4 1 106 67 13 3 73 68 24 9 27 12 28 15 16 67 24 4 20 87 27 2 31 118 44 4 45 118 57 19 18 20 3 1 16 15 6 2 27 51 38 30 13 49 32 10 6 7 6 3 53 111 48 5 8 81 41 3 8 78 48 6 5 12 25 3 10 12 12 2 15 118 52 2 2 110 40 0 4 16 5 0 16 
feature_13: 94 25 2 33 111 55 5 32 20 9 12 28 80 41 3 3 92 57 3 7 12 5 1 19 11 3 1 6 71 38 1 7 35 16 21 73 93 71 21 52 39 4 15 20 31 17 19 53 94 27 3 39 96 10 3 20 36 7 3 33 87 30 1 14 82 19 10 98 111 59 18 35 85 6 2 51 58 7 3 64 93 9 0 25 69 6 4 74 16 3 4 63 108 12 0 8 64 8 1 73 111 12 1 35 42 4 0 28 78 8 0 27 90 8 0 10 8 1 0 54 6 0 0 59 73 6 0 11 
feature_14: 28 1 4 107 68 5 19 64 32 1 4 83 38 3 2 65 54 9 2 19 23 2 1 103 6 0 2 82 56 16 4 12 45 32 12 79 94 85 28 50 61 18 4 48 45 59 22 13 62 59 21 23 46 9 3 37 17 7 3 33 49 52 20 10 59 14 10 107 107 48 16 51 93 9 6 69 47 10 6 60 86 8 4 25 49 5 7 93 16 3 4 87 74 4 1 10 56 4 1 84 107 3 0 41 8 0 0 51 64 4 1 15 107 6 1 8 4 0 0 68 7 0 0 57 66 2 1 14 
feature_15: 83 9 1 30 117 33 1 35 117 33 0 8 71 15 0 7 92 19 1 10 49 15 0 28 9 2 1 33 93 22 0 3 117 33 0 52 117 49 0 15 117 31 5 14 57 20 1 69 80 33 4 24 54 46 22 18 26 24 27 11 46 27 5 6 102 33 15 37 117 67 13 37 87 68 29 13 36 13 6 17 29 8 3 18 69 60 29 18 107 18 6 4 7 4 1 35 91 50 32 17 31 20 14 30 61 9 3 41 83 8 2 11 15 2 1 33 83 6 2 18 69 5 4 16 9 0 0 54 
feature_16: 0 0 0 0 1 0 0 0 37 11 0 13 17 0 0 7 80 10 1 11 24 3 0 32 20 3 0 19 123 26 0 7 39 6 1 38 44 3 0 10 123 16 0 11 74 13 1 59 123 25 1 13 58 14 0 31 28 5 1 47 110 11 0 6 107 12 1 32 123 32 5 64 123 39 0 23 49 6 0 24 122 22 3 18 47 6 0 33 21 6 0 10 123 59 0 2 123 31 1 41 103 15 0 20 123 17 0 6 53 13 0 38 101 37 0 6 79 31 0 2 27 11 0 6 74 27 0 2 
feature_17: 82 32 0 4 126 62 0 7 126 48 0 10 31 7 0 19 74 9 0 17 58 8 1 28 13 3 0 19 126 18 0 5 126 56 1 36 119 22 0 16 126 11 0 8 56 10 0 77 126 19 0 21 69 16 2 30 17 2 0 62 86 7 0 5 118 10 0 30 126 26 1 63 126 32 1 19 37 4 0 33 57 5 0 18 32 7 1 33 3 0 0 10 31 2 0 3 126 24 3 44 78 11 0 25 34 0 0 5 17 2 0 45 4 0 0 3 2 0 0 1 0 0 0 0 0 0 0 0 
feature_18: 63 13 7 117 117 32 7 57 20 7 28 66 22 7 9 87 21 4 8 51 18 8 32 55 14 34 18 46 25 3 3 41 76 35 14 26 117 82 7 27 117 25 9 27 43 71 36 31 24 18 58 48 23 12 27 23 22 38 16 26 24 9 31 25 96 90 42 31 89 73 29 27 88 112 40 28 33 16 7 10 28 18 14 24 35 111 38 24 14 43 27 31 38 17 17 11 117 41 8 22 51 15 8 41 56 22 8 41 58 18 4 11 29 18 7 15 80 34 13 19 69 35 8 2 8 6 2 11 
feature_19: 108 26 7 25 83 46 15 38 8 3 5 45 108 44 4 6 108 26 6 13 17 6 1 40 22 5 2 19 50 21 5 19 61 37 45 79 82 63 27 53 91 26 9 15 54 70 26 23 82 81 36 40 31 9 4 20 18 10 6 18 71 62 23 16 31 10 63 67 62 53 41 48 73 88 45 25 20 7 13 27 61 27 11 38 108 41 2 13 33 16 5 31 50 36 18 20 20 4 29 108 63 27 25 59 25 4 14 34 10 0 34 108 25 6 1 108 65 14 11 42 39 16 5 27 53 12 5 38 
feature_20: 83 32 4 16 98 29 9 59 120 35 7 15 17 4 0 39 39 27 25 15 96 30 27 19 6 13 36 17 50 56 11 3 120 40 6 72 114 16 2 46 120 13 3 18 48 27 10 105 104 46 22 12 40 17 6 44 14 4 3 73 85 22 3 8 112 10 1 49 120 28 2 91 120 26 1 32 44 7 1 52 57 4 0 28 35 8 2 49 4 0 0 19 28 2 0 5 110 16 3 78 90 8 1 35 32 0 0 9 21 2 0 55 6 1 0 5 2 0 0 1 0 0 0 0 0 0 0 0 
feature_21: 0 0 0 0 0 0 0 0 48 9 0 16 28 2 0 2 117 25 2 4 9 2 1 35 35 8 0 8 117 39 0 6 31 6 0 17 65 8 0 5 117 26 1 10 85 21 2 33 117 44 3 8 55 29 1 24 41 11 1 24 117 22 0 2 105 19 3 25 117 45 4 32 117 92 9 20 37 11 13 52 117 33 6 23 51 15 1 25 16 5 0 26 117 55 2 4 73 72 44 26 50 38 30 21 102 38 3 4 21 17 26 75 79 25 2 9 117 48 2 10 18 8 1 23 32 40 7 0 
feature_22: 59 61 5 1 35 99 13 0 58 12 0 0 102 61 44 16 16 9 29 74 53 7 4 4 32 0 1 12 32 7 3 103 75 34 4 47 109 109 15 12 109 30 3 7 24 14 23 46 69 13 5 62 109 32 4 8 30 19 11 36 42 5 0 21 72 22 64 84 97 28 28 28 109 79 36 20 61 23 4 9 43 26 5 4 82 109 29 7 33 94 30 12 19 18 5 2 78 40 27 22 47 38 17 15 18 11 11 12 91 76 12 4 29 55 16 6 16 22 9 7 16 13 2 3 20 18 15 8 
feature_23: 0 0 0 0 1 0 0 0 39 6 0 15 20 0 0 6 93 13 1 12 26 3 1 39 24 4 0 14 122 32 0 8 37 7 0 39 67 4 0 7 122 15 0 12 79 16 2 66 122 31 2 13 55 24 0 28 30 7 0 44 117 13 0 5 108 18 2 36 122 37 4 55 122 47 1 23 51 8 0 28 120 24 4 22 35 9 0 29 19 6 3 10 122 60 0 1 122 62 12 54 96 24 7 35 122 21 1 9 53 14 1 46 76 31 2 11 56 22 6 11 15 9 12 7 54 19 4 11 
feature_24: 56 20 6 26 91 68 23 8 126 42 1 14 31 8 1 22 85 18 0 20 27 9 5 39 17 7 4 29 105 42 1 8 126 62 1 35 121 31 7 13 126 18 0 8 56 15 0 64 126 32 1 17 74 22 3 29 20 4 0 48 89 11 0 4 124 16 0 25 126 35 1 56 126 44 1 18 37 6 0 33 73 8 0 28 38 8 1 26 3 0 0 5 26 3 0 2 126 34 3 42 93 15 0 18 82 5 0 4 16 3 0 42 4 0 0 5 3 0 0 1 0 0 0 0 0 0 0 0 
feature_25: 88 15 6 39 62 10 3 100 107 27 4 27 18 13 11 28 25 3 0 87 96 3 1 23 23 1 0 35 50 3 2 27 85 78 56 32 60 44 28 22 85 9 4 8 37 20 53 51 98 7 0 74 59 4 3 33 6 5 6 49 93 8 2 11 108 30 6 13 116 50 17 16 116 18 0 23 55 9 1 14 87 26 3 20 76 10 0 22 11 4 4 22 62 36 4 3 116 40 1 12 116 21 0 20 116 21 3 6 43 8 0 14 51 15 1 2 89 25 19 14 21 21 27 5 21 15 3 5 
feature_26: 47 23 20 18 89 56 45 14 111 29 1 2 55 11 3 12 111 24 0 8 38 10 0 5 13 4 0 11 111 41 0 0 58 54 4 21 111 46 7 22 111 29 1 4 60 10 0 45 111 16 0 2 111 26 9 15 8 13 13 13 91 25 1 1 89 16 2 48 111 29 8 63 111 20 24 34 36 9 4 37 73 23 2 3 37 29 54 31 16 18 17 10 62 24 5 8 78 8 3 91 84 4 0 43 29 3 3 30 93 27 11 33 111 25 1 9 13 3 2 64 17 2 0 37 44 6 0 18 
feature_27: 0 0 0 0 2 0 0 0 49 16 0 10 31 7 0 7 130 38 2 9 22 14 4 42 31 7 0 15 130 46 0 9 10 2 4 55 36 3 0 3 130 23 1 17 91 20 4 83 130 48 3 16 88 24 0 43 33 11 3 72 130 21 0 8 14 4 4 18 4 0 0 0 130 42 1 27 64 13 5 68 121 52 7 23 66 15 1 47 16 26 4 12 101 130 7 3 0 0 0 0 0 0 0 0 5 0 0 1 47 19 5 17 38 56 5 19 76 119 8 1 84 42 4 6 56 24 1 8 
feature_28: 63 27 2 19 126 110 4 14 126 66 2 4 5 2 0 17 7 3 0 0 0 0 0 0 0 0 0 0 0 0 0 0 125 77 7 62 107 58 4 24 126 23 2 22 51 9 0 106 8 1 0 3 79 18 6 8 0 0 0 0 1 0 0 0 126 14 1 45 126 46 3 99 126 35 1 32 54 8 0 48 44 4 0 29 66 13 7 35 2 0 0 0 1 0 0 3 126 31 3 46 126 26 2 27 101 18 0 6 26 9 0 32 7 1 0 5 3 0 0 1 0 0 0 0 0 0 0 0 
feature_29: 62 0 0 108 70 0 0 103 17 0 0 99 71 3 6 37 47 14 29 58 22 2 2 44 12 1 5 16 45 21 29 35 59 5 17 94 65 18 20 97 102 8 4 21 52 21 30 64 91 13 25 53 78 9 5 38 9 0 7 64 78 15 9 15 95 12 13 62 108 35 26 62 108 16 12 60 35 3 0 45 42 1 2 16 56 14 16 91 48 10 19 39 20 2 5 26 66 8 18 81 52 5 8 65 24 4 13 64 86 7 1 20 87 5 3 43 36 4 4 33 72 9 1 8 11 3 2 53 
feature_30: 109 12 3 48 78 18 2 78 75 7 2 20 54 9 11 45 35 7 12 91 40 4 4 18 13 1 1 42 73 8 5 11 109 14 10 97 95 15 19 71 108 12 1 11 56 10 10 89 109 24 5 50 62 20 12 32 22 7 9 50 90 16 5 14 94 19 7 46 109 44 17 72 109 51 22 34 34 5 2 20 32 3 2 20 36 25 38 73 46 7 7 26 11 0 2 57 98 39 39 54 43 15 13 35 17 3 4 63 56 5 3 22 25 0 0 67 45 0 0 41 47 0 0 22 17 0 0 77 
feature_31: 0 0 0 0 1 0 0 0 43 6 0 14 17 0 0 9 84 14 1 12 24 3 0 35 21 3 0 16 122 32 0 7 34 6 0 37 68 4 0 8 122 14 0 10 72 14 3 68 122 31 2 13 60 15 0 26 28 6 1 46 113 13 0 5 102 13 1 33 122 36 2 60 122 42 0 21 48 7 0 25 119 23 2 17 46 7 0 28 19 6 0 9 122 63 0 1 122 36 2 41 105 17 0 21 122 20 1 6 51 13 0 37 96 34 0 5 78 33 0 2 26 12 0 4 69 27 0 2 
feature_32: 94 33 0 5 125 58 0 6 125 44 0 8 27 7 2 21 68 8 0 24 45 7 0 29 12 3 0 22 124 22 0 5 125 54 1 43 111 20 0 18 125 11 0 9 56 8 0 79 125 17 0 23 74 15 2 32 16 2 0 64 86 8 0 5 116 10 0 30 125 28 1 66 125 31 3 24 38 4 0 33 61 6 1 23 33 6 1 35 4 0 0 10 31 3 0 3 125 23 1 47 90 10 0 23 31 0 0 6 16 2 0 44 5 1 0 4 1 0 0 1 0 0 0 0 0 0 0 0 
feature_33: 65 0 0 115 71 0 0 112 14 0 0 109 81 5 8 38 5 1 5 39 12 0 0 9 0 0 0 0 0 0 0 0 62 6 19 96 69 22 28 107 115 7 3 20 51 23 38 83 10 1 4 75 115 33 20 24 0 0 0 2 2 1 1 1 94 12 12 65 115 54 42 70 115 18 17 46 34 4 1 51 28 8 9 23 97 51 43 34 1 0 1 15 10 4 3 3 82 13 21 91 58 7 13 48 54 14 36 67 59 3 2 14 28 6 4 31 99 35 27 19 32 6 0 10 15 7 16 39 
feature_34: 115 90 20 43 46 13 1 48 37 7 7 15 115 51 43 47 45 26 26 81 44 4 5 21 8 1 2 31 86 15 11 26 90 54 18 35 37 16 44 71 115 22 11 13 72 16 20 99 115 27 5 67 84 12 16 39 19 7 31 58 86 16 10 14 22 14 16 26 17 3 2 15 115 72 39 57 36 3 1 27 34 5 4 30 53 14 54 93 55 11 16 29 9 0 3 67 2 0 0 0 0 0 0 7 32 8 15 86 38 2 0 39 24 0 0 98 62 1 0 42 60 0 0 33 21 0 0 101 
feature_35: 0 0 0 0 1 0 0 0 45 14 1 16 20 0 0 4 94 15 3 13 25 2 0 25 21 3 0 12 124 31 0 7 30 15 0 39 67 5 0 6 124 19 0 12 73 15 2 53 124 27 2 12 59 25 0 29 30 7 0 42 103 12 0 4 100 18 1 35 124 36 1 50 124 42 0 20 45 7 0 23 116 23 3 21 47 9 0 29 17 5 0 7 124 63 0 2 124 40 1 36 105 17 0 15 124 22 0 5 45 12 1 35 90 35 0 9 85 35 0 1 47 21 0 5 62 25 0 2 
feature_36: 84 32 0 3 126 72 0 6 126 49 0 8 32 8 0 17 73 9 0 19 57 8 1 27 12 1 0 16 126 23 0 5 126 57 2 39 119 22 1 14 126 12 0 8 58 10 0 68 126 19 0 22 71 16 1 29 16 2 0 53 91 9 0 4 102 10 0 29 126 26 0 61 126 34 2 19 36 6 0 34 58 6 0 26 36 6 1 31 3 0 0 8 33 5 0 3 126 25 1 37 85 10 0 21 37 0 0 3 15 8 0 50 4 1 0 5 3 0 0 1 0 0 0 0 0 0 0 0 
feature_37: 114 25 7 40 100 20 3 44 65 7 2 28 56 13 16 45 33 6 11 114 48 3 2 17 9 1 1 24 84 12 7 19 55 17 17 56 114 38 60 74 114 13 2 16 58 12 12 96 101 21 4 55 65 21 14 34 17 4 17 38 70 13 7 13 85 21 12 48 114 31 18 61 114 57 31 41 34 4 2 21 25 4 3 24 36 27 44 67 48 2 8 23 10 0 2 63 93 37 35 60 48 6 9 43 19 5 5 67 58 4 2 25 22 0 0 77 45 0 0 33 47 0 0 27 16 0 0 71 
feature_38: 61 1 0 111 68 0 0 111 16 0 0 93 69 8 8 36 47 8 34 63 21 1 2 37 10 0 2 16 51 21 27 37 57 7 23 103 61 14 22 98 102 9 3 19 47 26 42 71 92 9 25 52 76 9 6 38 17 3 6 55 85 18 11 12 88 7 11 64 111 45 30 62 111 18 14 55 32 3 1 44 38 3 4 18 60 18 25 79 62 10 27 29 15 5 11 13 79 10 17 98 63 4 6 48 28 5 16 60 49 6 1 18 20 2 2 29 57 15 14 36 95 13 3 4 6 1 3 44 
feature_39: 0 0 0 0 2 0 0 0 24 3 0 14 9 0 0 12 59 6 2 16 48 5 0 28 25 4 0 36 90 11 0 5 36 18 2 52 52 2 0 9 126 12 0 13 65 12 0 57 126 16 2 20 56 21 1 41 28 5 0 28 126 23 0 8 104 16 1 41 126 32 4 61 126 33 0 27 47 5 0 26 126 27 2 24 34 9 0 33 22 6 0 12 126 56 0 2 126 25 1 51 113 12 0 22 103 15 0 7 64 16 1 47 116 41 1 7 65 26 0 3 27 12 0 7 76 30 0 2 
feature_40: 66 27 0 4 124 71 0 5 124 49 1 12 43 9 0 8 86 15 0 16 21 5 1 23 16 4 0 13 124 27 0 5 124 63 0 21 124 36 0 7 124 16 0 6 66 13 0 51 124 30 0 14 68 18 2 26 18 3 0 40 102 12 0 3 124 32 0 30 124 22 0 21 124 42 0 11 35 4 0 26 68 7 0 24 49 7 2 25 3 0 0 3 32 6 0 2 120 19 0 25 87 13 1 26 76 4 0 2 15 2 0 36 3 0 0 7 5 0 0 1 0 0 0 0 0 0 0 0 
feature_41: 42 42 3 11 117 98 3 12 78 62 3 10 22 24 2 14 74 12 0 19 47 10 2 25 5 1 2 27 117 18 0 3 115 115 7 40 92 55 1 2 117 14 0 8 54 15 1 78 117 22 0 23 72 20 2 26 13 2 0 52 102 10 0 5 117 26 1 36 117 32 7 67 117 45 2 11 41 10 0 20 64 23 2 30 89 16 1 13 5 2 0 6 31 6 0 1 117 34 7 20 84 31 3 34 68 39 0 1 11 5 0 5 3 1 0 1 18 4 0 0 0 0 0 0 0 0 0 0 
feature_42: 1 0 0 0 3 1 0 0 40 17 0 3 22 8 0 1 64 19 1 6 26 9 0 20 9 2 1 28 93 28 4 3 64 7 0 44 105 18 0 24 118 30 1 17 75 12 3 64 118 19 3 24 78 15 0 49 35 10 4 88 118 9 0 5 118 11 2 55 118 30 3 89 118 37 1 52 60 5 1 47 100 25 3 20 39 8 0 67 18 6 0 4 118 45 0 6 84 14 1 86 118 17 3 42 56 19 1 13 56 23 4 55 67 35 2 5 40 31 3 7 24 14 2 26 48 12 0 4 
feature_43: 96 86 18 6 41 42 16 3 16 13 7 2 111 87 9 1 102 73 21 7 27 9 3 2 14 8 2 3 47 62 18 6 96 58 15 8 111 89 25 12 111 29 9 10 64 47 21 7 68 30 15 22 69 11 3 25 14 5 3 50 70 15 2 7 32 7 3 52 111 49 18 27 111 13 3 34 53 9 0 50 103 20 0 41 49 8 3 36 15 4 4 38 108 23 0 5 20 4 1 53 111 22 1 9 100 23 2 36 42 7 0 27 66 6 1 9 43 8 2 68 15 3 2 82 50 2 0 10 
feature_44: 66 12 1 67 101 11 1 49 91 19 0 12 46 13 1 47 87 18 3 14 60 19 0 23 9 2 0 5 7 0 0 2 97 23 1 37 115 52 3 37 115 27 0 11 58 11 2 67 101 27 4 33 72 25 8 16 23 25 15 10 42 6 0 5 114 22 1 32 115 42 9 41 115 74 26 8 35 10 1 18 38 17 2 1 55 90 37 11 88 63 10 0 16 18 3 3 101 90 21 6 51 36 14 9 28 28 8 10 115 52 5 0 57 75 27 4 29 20 4 3 15 25 7 1 7 82 23 5 
feature_45: 82 115 22 11 35 68 14 23 24 7 2 9 57 30 28 11 85 91 26 1 35 12 2 2 9 14 2 6 84 47 2 0 58 5 8 77 84 23 8 85 115 11 0 11 57 19 16 54 115 24 1 3 115 22 2 20 11 8 6 35 83 29 7 3 74 16 6 46 115 51 25 54 115 43 6 17 38 7 0 24 36 15 6 7 74 54 26 18 53 89 23 3 14 14 7 10 102 32 8 28 82 35 13 18 38 70 30 10 50 37 1 6 71 30 4 16 50 38 24 8 69 24 1 7 25 8 2 27 
feature_46: 123 56 8 34 84 27 7 36 29 13 2 14 83 72 24 7 40 42 28 17 33 10 2 8 3 2 1 15 82 24 7 2 53 39 14 25 100 117 54 13 123 23 2 11 52 17 6 50 104 14 2 32 78 12 2 34 15 3 23 42 59 13 5 11 87 24 6 23 123 48 7 39 123 49 16 25 34 3 0 16 31 2 0 12 54 9 24 88 63 16 9 30 12 1 1 38 93 79 7 1 123 68 10 5 56 35 25 7 50 16 3 2 23 21 14 6 45 24 14 41 36 62 8 2 8 49 5 4 
feature_47: 49 13 9 63 42 12 38 95 19 12 2 40 60 38 16 9 92 43 17 9 14 11 4 33 12 2 1 21 57 18 31 28 68 14 8 43 117 28 37 96 117 25 1 9 13 15 13 50 30 8 11 83 87 12 3 20 33 1 1 42 26 5 19 66 113 35 2 75 117 14 1 49 117 18 0 30 22 0 0 80 53 1 0 82 67 1 0 57 9 0 0 51 72 1 0 13 30 2 5 117 64 6 16 94 33 4 24 56 26 1 5 80 40 1 4 30 24 2 28 98 7 2 15 44 31 5 7 17 
feature_48: 37 6 14 63 60 7 25 70 33 1 3 43 40 4 12 48 85 16 6 28 21 1 4 61 12 2 2 75 73 13 0 7 120 21 0 43 120 28 3 19 91 5 0 18 120 36 2 22 120 61 1 5 50 21 2 13 18 6 0 21 106 40 1 1 65 8 3 43 120 22 10 55 120 57 22 21 62 15 1 6 95 17 1 1 70 56 61 25 15 4 42 51 49 5 4 6 70 30 51 53 55 19 40 27 18 39 30 22 77 37 5 6 101 23 4 19 14 16 41 22 25 4 8 29 37 7 3 19 
feature_49: 83 55 10 8 67 35 9 9 6 5 4 9 85 41 2 1 54 49 11 5 6 3 5 15 5 4 5 24 18 31 12 8 74 51 20 34 117 80 23 45 117 22 5 5 105 60 8 18 117 65 2 6 45 11 5 11 26 6 9 27 117 45 7 4 52 12 11 65 117 18 1 38 117 22 0 11 55 13 2 25 81 25 1 23 72 10 0 25 16 3 0 13 68 82 13 11 31 24 23 38 55 42 18 24 113 60 1 8 30 7 0 13 95 24 0 2 110 40 0 14 23 15 1 15 89 10 0 2 
feature_50: 64 8 1 53 121 27 1 62 121 40 0 8 26 9 1 32 34 12 3 26 108 39 1 15 7 3 12 23 17 18 15 17 98 78 14 87 121 32 2 28 121 28 1 17 20 4 0 89 38 6 2 90 97 8 0 19 28 0 0 29 29 18 19 55 121 36 20 25 100 39 12 33 121 88 5 12 18 6 7 13 41 13 3 22 77 87 22 27 25 20 9 79 51 9 4 10 37 27 17 27 20 34 18 52 69 20 6 3 2 7 5 18 8 7 6 8 89 43 7 4 50 27 5 6 16 16 9 14 
feature_51: 93 32 2 19 116 64 2 7 116 42 1 10 39 10 0 12 70 15 0 14 23 5 0 20 8 5 0 11 100 38 0 1 116 52 3 37 116 36 1 11 110 18 0 5 52 17 1 53 86 35 1 15 108 47 2 10 21 19 4 33 51 13 0 3 110 16 1 36 116 36 1 42 116 78 1 6 17 7 3 18 31 5 0 34 116 36 1 22 8 1 0 23 43 1 1 8 116 58 2 18 78 27 0 15 116 19 0 12 12 2 3 24 21 1 0 47 39 0 0 17 6 1 0 33 51 4 0 4 
feature_52: 51 0 1 103 34 0 0 107 36 0 0 52 20 0 0 107 16 1 0 89 43 0 1 30 20 0 0 23 28 4 3 42 48 3 1 107 89 10 3 102 97 7 0 20 38 8 3 101 61 10 0 34 50 9 0 39 22 7 0 49 55 8 2 9 60 7 0 90 107 20 2 56 63 6 1 95 43 2 0 40 58 1 0 13 23 4 2 107 16 2 2 97 55 2 0 15 66 7 3 107 56 2 0 62 10 1 1 65 107 16 0 13 107 16 0 12 14 2 1 54 19 2 1 29 72 8 0 16 
feature_53: 81 32 44 35 42 22 21 32 12 3 1 62 109 26 6 13 99 34 0 10 28 8 0 66 49 17 1 38 59 50 4 7 57 45 16 38 91 58 20 24 69 17 1 6 109 76 5 7 109 74 1 1 45 25 4 12 18 10 11 15 76 93 7 1 53 4 2 73 109 27 9 69 67 18 6 50 75 14 1 30 60 13 16 13 39 24 7 62 33 6 19 14 17 11 8 25 35 17 6 66 97 52 26 31 65 109 33 12 24 12 9 16 10 9 12 30 109 67 14 8 109 23 1 8 14 5 2 39 
feature_54: 23 10 33 62 50 19 27 32 57 50 13 9 4 2 2 45 8 4 2 42 108 73 6 11 33 46 11 5 10 3 1 32 52 16 10 65 80 21 46 58 84 16 4 18 9 1 4 125 12 1 2 125 83 16 2 29 38 14 4 32 8 0 3 125 125 44 1 29 125 38 2 28 125 44 0 18 33 5 0 35 40 9 1 94 95 42 5 44 15 7 19 74 17 3 9 35 26 2 4 125 46 6 6 59 60 10 30 27 8 1 0 80 12 6 4 63 50 33 8 21 15 21 6 13 10 4 10 34 
feature_55: 60 1 0 30 66 6 0 67 99 7 3 6 8 1 0 42 35 3 0 32 100 9 0 15 26 5 0 20 56 7 0 8 118 16 1 61 89 6 0 38 94 4 0 8 24 4 0 95 80 15 1 48 102 12 0 10 41 12 0 3 87 23 1 4 79 4 1 45 118 20 2 69 118 57 0 4 27 5 0 10 40 11 0 7 118 59 0 4 87 21 0 8 32 11 0 20 118 36 0 6 118 37 0 8 118 35 0 1 11 5 0 29 15 4 1 30 109 35 1 4 62 36 9 4 15 8 1 14 
feature_56: 51 17 5 57 119 40 13 21 66 12 1 25 67 14 0 28 114 28 0 13 26 4 1 16 13 3 0 7 119 21 0 1 79 19 1 42 119 51 0 19 119 21 0 11 85 15 0 10 88 8 0 2 88 11 4 56 13 1 2 90 69 1 0 8 105 12 2 66 119 16 2 28 51 2 1 82 48 0 0 38 83 3 0 13 23 3 2 112 22 0 0 72 50 1 1 25 50 1 1 81 94 4 1 51 9 0 0 78 49 0 0 16 67 2 0 24 14 0 0 77 18 1 0 33 24 1 1 33 
feature_57: 97 22 10 38 110 38 11 91 16 1 0 82 79 17 7 34 42 7 19 76 26 0 0 15 15 1 1 7 64 23 12 26 58 9 27 97 68 18 28 95 109 10 4 21 41 8 32 71 84 6 4 82 97 3 4 34 17 5 3 48 82 10 2 14 14 1 5 53 113 44 45 59 113 30 8 28 41 5 1 34 50 11 5 13 58 50 27 30 50 73 23 8 25 15 12 9 3 0 0 36 91 50 21 9 51 73 41 14 61 17 2 12 12 10 5 27 75 62 38 8 101 34 4 3 8 4 5 46 
feature_58: 119 71 16 23 70 28 5 39 35 24 3 6 59 102 28 9 55 39 35 19 26 5 2 4 10 3 2 10 1 0 0 3 59 58 33 21 94 119 58 14 119 48 4 6 58 22 5 41 119 25 2 25 64 28 15 26 19 6 38 77 10 0 0 6 100 28 6 30 119 49 8 34 119 54 17 38 37 5 0 34 29 2 2 14 31 29 42 74 52 8 10 26 13 1 2 49 119 37 17 44 103 13 11 29 29 6 2 59 60 5 0 24 43 34 4 18 63 16 1 51 67 34 7 8 10 18 13 12 
feature_59: 55 1 1 47 44 2 0 70 123 8 0 10 13 1 0 60 5 0 0 26 72 4 0 6 0 0 0 0 0 0 0 0 99 3 1 44 117 10 0 57 123 13 0 8 25 3 0 73 46 6 0 52 114 12 0 10 8 3 0 1 2 0 0 0 76 4 0 43 123 19 1 72 123 52 0 4 28 6 0 23 44 11 0 8 123 61 0 3 78 17 0 0 6 2 0 8 123 37 0 6 123 36 0 4 123 40 1 1 11 4 0 32 19 5 0 39 123 32 1 3 80 43 7 3 5 2 0 7 
feature_60: 28 7 3 56 118 57 15 18 86 17 2 27 76 16 0 42 118 29 0 22 53 10 1 20 12 3 0 8 118 26 0 2 44 10 0 46 118 48 0 3 118 28 2 20 93 12 0 12 85 8 0 6 74 12 3 66 19 2 2 101 83 2 0 10 27 1 0 26 61 6 0 34 46 2 2 71 78 3 2 61 71 4 3 15 13 1 2 105 26 1 0 118 69 1 1 27 14 0 0 0 0 0 0 18 13 2 3 118 83 1 0 21 67 0 0 33 18 0 1 118 27 1 1 42 25 0 1 49 
feature_61: 52 19 5 56 119 49 17 17 115 16 1 20 41 8 0 42 66 14 0 30 70 9 1 20 26 3 0 9 76 16 0 7 82 17 1 59 119 42 0 31 119 31 0 10 65 12 0 19 61 8 0 8 101 12 2 35 37 4 3 65 49 2 0 5 86 12 1 67 119 17 2 32 66 4 1 75 44 0 0 57 67 0 0 22 22 1 5 119 12 0 1 96 56 0 0 20 46 2 2 119 68 0 0 63 11 0 0 82 59 3 1 33 66 2 1 23 11 0 0 86 17 0 1 48 28 1 1 35 
feature_62: 73 2 1 39 55 4 2 90 86 4 2 10 5 0 0 56 17 0 0 80 73 2 0 18 24 0 0 24 44 3 1 35 100 5 3 101 72 1 0 57 103 2 0 14 38 3 2 117 94 12 2 71 76 7 0 12 34 7 0 5 101 19 0 5 68 4 1 42 117 23 2 56 117 43 0 5 41 7 0 16 52 11 0 16 117 39 0 11 59 14 0 16 45 10 0 19 93 22 0 20 117 31 0 6 117 27 0 5 18 6 0 42 33 8 1 40 117 25 3 9 27 19 14 5 27 8 0 13 
feature_63: 75 2 1 32 85 7 4 85 117 12 0 9 8 0 0 43 26 2 1 57 80 4 0 22 13 0 0 23 60 7 2 16 117 10 1 91 85 4 0 47 95 3 0 12 39 5 1 98 101 19 2 44 85 11 0 9 36 12 0 5 98 25 1 3 67 5 1 43 117 28 1 58 117 54 0 4 39 8 0 13 45 12 0 14 117 49 0 7 52 14 0 12 43 13 0 17 60 29 11 17 107 25 2 15 117 31 0 2 11 5 0 39 25 7 0 32 117 35 0 5 62 32 7 11 22 7 0 7 
feature_64: 63 13 0 53 121 42 7 24 121 20 2 23 41 7 0 38 56 13 1 28 70 8 2 22 12 4 2 11 29 22 10 9 81 15 0 59 121 44 0 29 121 27 0 11 55 11 0 21 66 9 1 11 94 9 2 35 33 5 2 70 48 6 3 10 83 11 0 68 121 20 2 33 68 3 3 76 43 1 1 61 70 0 0 23 23 1 4 121 12 1 1 103 59 0 0 20 47 2 2 121 70 0 1 66 11 0 0 80 58 3 2 35 66 2 1 25 11 0 0 85 18 0 1 53 29 1 1 37 
feature_65: 67 2 1 39 54 4 2 93 72 4 2 10 5 0 0 57 17 1 1 82 71 1 0 17 26 0 0 21 46 2 0 39 79 4 1 103 71 1 1 61 93 1 0 14 38 3 2 118 87 12 3 70 106 8 0 10 47 9 0 5 94 15 0 6 73 5 1 43 118 23 3 55 118 39 0 5 41 8 0 16 46 9 0 15 118 41 0 12 61 13 0 15 45 12 1 23 97 24 0 22 118 34 0 5 118 27 0 4 15 4 0 45 30 8 1 43 113 29 5 8 36 25 14 6 23 11 1 14 
feature_66: 57 20 6 61 117 50 19 18 111 20 1 19 40 8 1 47 64 15 0 34 78 9 1 19 22 4 0 8 81 16 0 8 86 15 1 66 117 41 1 27 117 35 0 10 63 9 0 21 60 8 0 8 104 11 2 34 38 4 1 62 53 2 0 4 73 9 0 51 117 21 3 35 68 4 2 78 43 0 0 58 66 0 0 24 22 2 3 117 12 0 1 103 57 0 0 19 43 2 1 117 70 1 0 65 11 0 0 78 64 2 1 33 65 2 1 23 11 0 0 86 17 0 1 50 29 1 1 35 
Features found = 67
